463
507
709
3764
3813
3954
3958
5767
6460
6506
6685
7182
7475
8108
8125
8598
8601
8983
9126
9127
9350
9605
9637
9946
9947
9949
10309
10313
10516
10517
10518
10530
10531
10532
10574
10837
10939
10940
10945
11169
11170
11171
11172
11375
11538
11542
11755
11763
11765
11767
11815
11886
12440
13396
13399
13401
13403
13404
13405
13406
13746
14010
14017
14021
14321
14369
15057
15058
15059
15064
15065
15091
15160
15655
15660
15661
15684
15868
15869
16660
16661
16664
16666
16667
16669
16670
16672
16674
16682
16683
18559
18690
18691
18730
18753
18829
18922
18924
18948
19000
19001
19005
19008
19009
19010
19012
19022
19265
19371
19372
19416
19419
19420
19519
19521
19662
19701
19702
19703
19802
19881
19882
19894
22177
22178
22227
22228
22229
22295
22299
22300
22302
22303
22304
25285
28065
28066
28067
28068
28070
28071
28185
28186
28189
28239
28240
28241
28242
28248
28290
28471
29179
29203
29205
29257
29258
29319
29324
29781
29782
29783
29784
29832
31901
31923
31924
31925
31927
31931
31946
31947
32014
32041
32051
32052
32054
32055
32056
32057
32058
32059
32060
32208
32247
32248
32249
32250
32251
32253
32254
32255
32256
32317
32549
32638
32639
32640
32644
32645
32646
32725
32767
32786
32806
32807
32811
32833
33539
33541
35507
35508
35515
35516
35935
35942
35943
36250
36257
36258
36259
36524
36543
36544
36563
36564
36573
36574
36581
36582
36583
36607
36615
36668
36698
36699
36702
36747
36748
36853
36854
36863
37097
37098
37101
37187
37286
37287
37301
37304
37305
37395