10656
10657
10658
10659
10665
10666
10667
10685
11078
14167
14195
14196
14197
14202
14208
14215
14715
14986
14988
14989
14990
14992
14994
18668
19385
19431
19433
19513
24766
27924
28112
28113
28115
28116
28118
28119
28122
28123
28124
28144
28145
28147
28309
31949
31950
32118
32119
32120
32121
32122
32123
32125
32126
32127
32128
32135
32136
32139
32798
36479
36480
36481
36482
36483
36484
36485
36486
36487
36489
36490
36491
36492
36493
36494
36495
36496
36869
36870
36872
36873
36874
36875
36876
36877
36878
36879
36881
36883
36884
37248
37249
37250
37251
37252
37253
37254
37255
37257
37258
