463
507
709
3764
3813
4751
5767
6460
6506
6685
7182
7475
8125
8598
8601
9946
9947
9949
10516
10517
10518
10525
10530
10531
10532
10939
10940
10945
10959
10963
10964
10965
10966
10968
10969
10970
10971
11375
11538
11763
11765
11767
14017
14021
14025
14221
14321
14401
14402
14637
15058
15059
15064
15065
15091
15655
15660
15661
15684
15868
18559
18690
18698
18753
18829
18922
18948
19008
19009
19010
19012
19022
19089
19265
19373
19416
19419
19420
19519
19521
19701
19703
19802
19881
19882
19894
22177
22178
22227
22228
22229
28065
28066
28067
28070
28071
28185
28186
28189
28239
28240
28241
28242
28290
29203
29205
29207
29257
29258
29319
29324
31901
31924
31925
31927
31946
31947
32041
32051
32052
32054
32055
32056
32057
32059
32060
32253
32254
32255
32317
32606
32639
32640
32644
32645
32646
32767
35942
35943
36257
36258
36543
36563
36574
36668
36698
36699
36702
36747
36748
36863
37286
37287
37290
37291
37292
37395
