590
593
594
595
603
604
605
607
948
949
954
955
1016
1017
4762
4763
4764
4766
4767
4768
4770
4771
4772
4773
4774
4776
4777
4778
4779
4780
6203
6565
6786
6794
6795
6882
6942
7716
7796
7886
7925
8087
8238
8331
8364
8826
9313
9397
9681
9738
9773
9780
9847
10005
10078
10595
10746
11087
11127
11128
11208
11393
11469
11799
11800
12070
12772
12773
12775
12776
12777
12779
13521
13524
13525
13526
13527
13528
13529
13530
13532
13847
14516
14979
14980
14999
15315
15316
16061
16068
16478
16479
16540
16752
16850
16851
16857
16858
16859
16861
16862
16864
16865
16866
16868
16869
16870
16930
16941
16957
17027
17106
17107
17108
17157
17158
17159
17302
17463
17616
17617
18111
18273
18291
18552
18553
18746
18758
18761
19516
19517
19713
19714
24877
24880
24888
24890
24891
24893
24898
24900
24901
24903
24905
24907
28279
29282
30010
30239
30597
32835
32858
34560
34561
34564
