507
3813
6460
6506
6685
7182
7475
8125
8598
8601
9947
9949
10525
10530
10531
10532
11375
11767
14321
15064
15065
15660
15661
18753
18829
18948
19008
19009
19010
19012
19022
19265
19416
19419
19420
19519
19521
19701
19703
19802
19881
19882
19894
22227
22228
22229
28067
28070
28071
28186
28239
28240
28241
28242
28290
29203
29205
29258
29319
29324
31924
31925
31927
32041
32054
32055
32056
32057
32059
32060
32254
32255
32317
32639
32644
32645
32646
35942
35943
36543
36563
36574
36698
36699
36748
37395
